      0/99    0.715G    0.1064   0.03329         0    0.1397        20       320   0.08447    0.5338    0.1888   0.04835   0.08538   0.03446         0
      1/99    0.824G   0.07987   0.03509         0     0.115        15       320    0.1594    0.5752    0.2755   0.07975   0.07221   0.03646         0
      2/99    0.826G   0.07841   0.03601         0    0.1144        17       320    0.1434    0.5714    0.2396   0.06395   0.07506    0.0368         0
      3/99    0.826G   0.07658   0.03647         0     0.113        12       320    0.2053    0.5977    0.4185    0.1141   0.06828   0.03413         0
      4/99    0.826G   0.07344   0.03594         0    0.1094        16       320    0.2303    0.6579    0.4477    0.1239   0.06679   0.03283         0
      5/99    0.826G   0.07095   0.03563         0    0.1066        16       320    0.2603    0.4737    0.3086   0.09905   0.06948    0.0353         0
      6/99    0.826G   0.06974   0.03509         0    0.1048        11       320    0.2803     0.594    0.3956    0.1196   0.06618   0.03302         0
      7/99    0.826G   0.06802   0.03449         0    0.1025        13       320    0.2657    0.5789    0.4486    0.1464   0.06468   0.03266         0
      8/99    0.826G   0.06701   0.03498         0     0.102        14       320    0.2858    0.6992    0.4911     0.159   0.06342   0.03043         0
      9/99    0.828G   0.06567   0.03393         0   0.09959        12       320    0.3773     0.656    0.5355    0.1901   0.05933   0.03041         0
     10/99    0.828G   0.06467    0.0337         0   0.09837        15       320    0.2903     0.703    0.5439     0.177   0.06003   0.03017         0
     11/99    0.828G   0.06382   0.03385         0   0.09767        15       320    0.3282    0.6654    0.5108    0.1736   0.05963    0.0294         0
     12/99    0.828G   0.06396    0.0333         0   0.09726        13       320    0.3311    0.6992    0.5444    0.1844   0.05933   0.02944         0
     13/99    0.828G    0.0624   0.03299         0   0.09539        20       320    0.3706    0.6805    0.5625    0.1984   0.05831    0.0297         0
     14/99    0.828G   0.06244   0.03292         0   0.09535        13       320    0.3363    0.6955    0.5984    0.1971   0.05966   0.02854         0
     15/99    0.828G   0.06165   0.03199         0   0.09364        16       320    0.3815    0.6955    0.5764     0.186   0.05868   0.02892         0
     16/99    0.828G   0.06072   0.03274         0   0.09346        12       320    0.3705    0.7331    0.6038    0.2105   0.05566   0.02784         0
     17/99    0.828G   0.06008   0.03218         0   0.09226        13       320    0.3442    0.7368    0.6023    0.2117   0.05682   0.02827         0
     18/99    0.828G   0.06009   0.03278         0   0.09288        15       320     0.343    0.7105    0.5707    0.2041   0.05783    0.0283         0
     19/99    0.828G   0.05993   0.03193         0   0.09186        11       320    0.3801    0.7481    0.6291     0.227    0.0564   0.02775         0
     20/99    0.828G   0.05917   0.03195         0   0.09112        10       320    0.3412    0.7669    0.6299    0.2228   0.05564   0.02846         0
     21/99    0.828G   0.05893   0.03161         0   0.09054        15       320    0.4192    0.7105    0.5879    0.2272   0.05477   0.02789         0
     22/99    0.828G   0.05819    0.0313         0   0.08949        16       320    0.4033    0.7368    0.6503     0.225   0.05555   0.02873         0
     23/99    0.828G   0.05718   0.03143         0   0.08862        15       320    0.4166    0.7331     0.645    0.2205   0.05561   0.02849         0
     24/99    0.828G   0.05778   0.03113         0   0.08892         8       320    0.3873    0.7368    0.6399    0.2189   0.05489   0.02795         0
     25/99    0.828G   0.05692   0.03148         0    0.0884        19       320    0.3619     0.718    0.6185    0.2275   0.05566   0.02818         0
     26/99    0.828G   0.05675   0.03095         0    0.0877        18       320    0.4123    0.7406    0.6627     0.246   0.05445   0.02802         0
     27/99    0.828G   0.05608   0.03099         0   0.08707        17       320    0.4526    0.7368    0.6634    0.2369   0.05449   0.02788         0
     28/99    0.828G   0.05614   0.03032         0   0.08646        13       320    0.3958     0.718    0.6209    0.2164    0.0551    0.0282         0
     29/99    0.828G   0.05591     0.031         0   0.08691        23       320    0.4462    0.7361    0.6559    0.2423    0.0541   0.02763         0
     30/99    0.828G   0.05577   0.03056         0   0.08632        14       320    0.2871    0.7519    0.6235    0.2261   0.05524   0.02845         0
     31/99    0.828G   0.05626   0.03086         0   0.08712        19       320    0.4382    0.7632    0.6617    0.2411   0.05366   0.02723         0
     32/99    0.828G   0.05537   0.03019         0   0.08555        15       320    0.4118     0.718    0.6258    0.2346   0.05456   0.02672         0
     33/99    0.828G   0.05506   0.03036         0   0.08542        21       320    0.4423    0.7594    0.6805    0.2579   0.05226   0.02761         0
     34/99    0.828G   0.05508   0.03043         0   0.08551        14       320    0.4104    0.7481    0.6848    0.2565   0.05384   0.02708         0
     35/99    0.828G   0.05477   0.03093         0   0.08571        18       320    0.4416    0.7582    0.6873    0.2561   0.05264   0.02718         0
     36/99    0.828G   0.05479   0.03018         0   0.08497        15       320    0.4062    0.7594    0.6773     0.262   0.05255   0.02711         0
     37/99    0.828G   0.05383   0.02979         0   0.08362        15       320    0.4623    0.7519    0.6971    0.2618   0.05221   0.02703         0
     38/99    0.828G   0.05388   0.02966         0   0.08354        10       320    0.4507    0.7782    0.6764    0.2535    0.0515   0.02683         0
     39/99    0.828G    0.0539   0.02977         0   0.08367        13       320     0.451    0.7744    0.7148     0.275   0.05184   0.02654         0
     40/99    0.828G   0.05317   0.02944         0   0.08262        16       320    0.4894     0.797    0.7254    0.2615   0.05119   0.02691         0
     41/99    0.828G   0.05291   0.02942         0   0.08232        23       320    0.4677     0.782    0.7267    0.2727   0.05139   0.02642         0
     42/99    0.828G   0.05283   0.02976         0   0.08259        17       320      0.45    0.7782    0.7172    0.2796   0.05092   0.02682         0
     43/99    0.828G   0.05291   0.02942         0   0.08233        10       320    0.4633    0.7481    0.6935    0.2589   0.05236   0.02667         0
     44/99    0.828G   0.05308   0.02901         0   0.08209        14       320    0.4455    0.7707    0.7107    0.2824   0.05088   0.02658         0
     45/99    0.828G   0.05275    0.0293         0   0.08205        15       320    0.4245    0.7406    0.6771    0.2659   0.05193   0.02658         0
     46/99    0.828G   0.05206   0.02889         0   0.08095        23       320    0.4657    0.7932    0.7289    0.2874   0.05079   0.02691         0
     47/99    0.828G   0.05183   0.02896         0   0.08079        12       320    0.4976    0.7594    0.7209    0.2806   0.05094   0.02677         0
     48/99    0.828G   0.05173   0.02954         0   0.08128        13       320    0.5138    0.7594    0.6994    0.2723   0.05073   0.02682         0
     49/99    0.828G   0.05117   0.02915         0   0.08032        13       320    0.4525     0.797    0.7346    0.2897   0.05079   0.02703         0
     50/99    0.828G   0.05037   0.02856         0   0.07893        12       320    0.4581    0.7932     0.741    0.3019   0.05029    0.0265         0
     51/99    0.828G    0.0501   0.02808         0   0.07818        12       320    0.5234    0.7782    0.7537    0.2976   0.05084   0.02627         0
     52/99    0.828G   0.05132   0.02849         0   0.07981        12       320    0.5112     0.782    0.7303    0.2903   0.05056   0.02609         0
     53/99    0.828G    0.0504   0.02855         0   0.07895        22       320    0.4887    0.7632    0.7149    0.2875   0.04985   0.02629         0
     54/99    0.828G   0.05004     0.028         0   0.07804        17       320    0.4805     0.779    0.7407    0.2879   0.05083   0.02599         0
     55/99    0.828G    0.0496   0.02802         0   0.07763        14       320    0.4889    0.7556     0.693    0.2762   0.05093   0.02633         0
     56/99    0.828G   0.04956   0.02841         0   0.07797        11       320     0.488     0.782    0.7203    0.2911   0.04972   0.02635         0
     57/99    0.828G   0.05039   0.02817         0   0.07856        23       320    0.5235    0.7895    0.7377    0.2778   0.05004   0.02619         0
     58/99    0.828G   0.04939   0.02802         0   0.07741        12       320    0.5386    0.7707    0.7317    0.2945   0.04998   0.02617         0
     59/99    0.828G   0.04966   0.02869         0   0.07835         8       320    0.4796      0.79    0.7405    0.2858   0.05018   0.02663         0
     60/99    0.828G    0.0489   0.02797         0   0.07687        15       320    0.5118     0.782    0.7344    0.2979   0.04998   0.02627         0
     61/99    0.828G   0.04837   0.02731         0   0.07567        17       320    0.4615    0.7782    0.7397    0.2936   0.04998   0.02605         0
     62/99    0.828G   0.04867   0.02809         0   0.07676        19       320    0.5174     0.782    0.7407    0.3049   0.05036   0.02567         0
     63/99    0.828G   0.04875   0.02814         0   0.07689        17       320     0.504     0.783     0.751    0.3018   0.05024   0.02578         0
     64/99    0.828G   0.04869   0.02775         0   0.07644        17       320    0.5005    0.7632    0.7179    0.3029   0.05093   0.02583         0
     65/99    0.828G   0.04826   0.02767         0   0.07592        16       320      0.47    0.7744     0.743    0.2962   0.05108   0.02659         0
     66/99    0.828G   0.04822   0.02775         0   0.07596        16       320    0.5102    0.7932    0.7487     0.302   0.05022   0.02658         0
     67/99    0.828G   0.04824   0.02724         0   0.07548         9       320    0.5294    0.7857     0.753    0.3135   0.04924   0.02582         0
     68/99    0.828G    0.0474   0.02731         0   0.07471        17       320    0.5104    0.7932     0.761    0.3159   0.04758   0.02566         0
     69/99    0.828G   0.04771   0.02728         0   0.07499        14       320    0.5626     0.782    0.7447    0.3081   0.04863   0.02592         0
     70/99    0.828G   0.04683     0.027         0   0.07383        13       320    0.5113     0.782    0.7584    0.3144   0.04821   0.02591         0
     71/99    0.828G   0.04649   0.02716         0   0.07366        16       320    0.5832     0.782    0.7447    0.3112   0.04853   0.02574         0
     72/99    0.828G   0.04679   0.02719         0   0.07398        13       320    0.5826    0.7669      0.73    0.3061   0.04916   0.02566         0
     73/99    0.828G   0.04713   0.02685         0   0.07398        13       320    0.5507    0.7895    0.7682    0.3219   0.04842   0.02543         0
     74/99    0.828G   0.04645   0.02676         0   0.07321        11       320    0.5323    0.7744    0.7368    0.3137   0.04879   0.02575         0
     75/99    0.828G   0.04651   0.02755         0   0.07406        18       320    0.5168     0.782    0.7491    0.3111   0.04947   0.02604         0
     76/99    0.828G   0.04636   0.02634         0    0.0727        13       320    0.6027    0.7744    0.7398    0.3166   0.04843   0.02555         0
     77/99    0.828G   0.04597   0.02653         0   0.07249        11       320    0.5388    0.7669     0.727    0.3097   0.04912   0.02549         0
     78/99    0.828G   0.04553    0.0266         0   0.07214        15       320    0.6012     0.782    0.7579     0.311   0.04917   0.02534         0
     79/99    0.828G   0.04558   0.02634         0   0.07192        12       320    0.5745    0.7707    0.7411    0.3238   0.04791    0.0253         0
     80/99    0.828G   0.04555   0.02654         0   0.07209        16       320    0.5711    0.7707    0.7429    0.3194    0.0486   0.02521         0
     81/99    0.828G   0.04544   0.02666         0    0.0721        17       320    0.5739    0.7932    0.7759    0.3205   0.04822   0.02543         0
     82/99    0.828G   0.04535   0.02637         0   0.07172        15       320    0.5913     0.782    0.7445    0.3186   0.04871   0.02512         0
     83/99    0.828G   0.04522   0.02633         0   0.07154        19       320    0.6062    0.7744    0.7474    0.3249   0.04845   0.02504         0
     84/99    0.828G    0.0447   0.02637         0   0.07107        12       320    0.5933    0.8008    0.7707     0.329   0.04871   0.02548         0
     85/99    0.828G   0.04539   0.02638         0   0.07177        17       320    0.5612    0.7744    0.7538    0.3135   0.04891    0.0256         0
     86/99    0.828G   0.04502   0.02579         0    0.0708        12       320    0.5476    0.7782    0.7389    0.3107   0.04904   0.02519         0
     87/99    0.828G   0.04432   0.02613         0   0.07045        11       320    0.5663    0.7744    0.7526    0.3175   0.04908   0.02532         0
     88/99    0.828G   0.04406   0.02543         0   0.06949        15       320    0.5887    0.7556    0.7167    0.3026   0.04948   0.02547         0
     89/99    0.828G   0.04397   0.02609         0   0.07006        19       320    0.5684    0.7556    0.7274    0.3153   0.04899   0.02535         0
     90/99    0.828G   0.04448   0.02587         0   0.07035        22       320    0.5948    0.7781    0.7499    0.3149   0.04892   0.02564         0
     91/99    0.828G   0.04421   0.02568         0   0.06989        19       320    0.6103    0.7744    0.7389    0.2982   0.04866   0.02567         0
     92/99    0.828G   0.04388   0.02616         0   0.07004        13       320    0.5901     0.782    0.7453    0.3184   0.04817   0.02532         0
     93/99    0.828G    0.0438   0.02621         0   0.07002        16       320    0.5584    0.7895    0.7546    0.3173   0.04819   0.02525         0
     94/99    0.828G   0.04315   0.02554         0    0.0687        14       320    0.5883    0.8008    0.7617    0.3263   0.04814   0.02532         0
     95/99    0.828G   0.04335   0.02579         0   0.06914        17       320    0.5766     0.797     0.764    0.3265   0.04826   0.02549         0
     96/99    0.828G   0.04352   0.02586         0   0.06939        15       320    0.5921    0.7895    0.7606    0.3163    0.0484   0.02573         0
     97/99    0.828G    0.0431   0.02524         0   0.06834        10       320    0.5903    0.7782    0.7468    0.3125   0.04875   0.02581         0
     98/99    0.828G   0.04321   0.02541         0   0.06863        13       320    0.6053    0.7707    0.7431    0.3166   0.04855   0.02597         0
     99/99    0.828G   0.04345   0.02554         0   0.06898        16       320    0.5908     0.797    0.7555    0.3273   0.04772   0.02531         0
